Calibracion

Servo 1 
-------Calibracion Up---
3430
4874
6574
8284
10038
11763
13498
15210
16966
18731
20413
22157
23913
25625
27287
29032
30793
32592
34274
36044
37546
---Calibracion Down---
3661
5433
7124
8953
10668
12453
14047
15854
17535
19261
20943
22705
24372
26211
27949
29691
31430
33135
34791
36589
0

Servo 2
-------Calibracion Up---
3526
4873
6634
8335
10013
11754
13496
15237
16887
18649
20369
22074
23756
25528
27252
29024
30680
32443
34181
35882
37337
---Calibracion Down---
3762
5453
7214
8823
10624
12314
14022
15709
17444
19220
20836
22553
24385
26078
27807
29566
31329
33065
34719
36381
0

Servo 3
-------Calibracion Up---
3544
4890
6636
8326
10034
11739
13499
15203
16956
18757
20416
22183
23961
25694
27325
29101
30874
32514
34268
36061
37470
---Calibracion Down---
3742
5427
7100
8856
10630
12320
14091
15708
17491
19296
20953
22624
24473
26107
27869
29619
31375
33097
34815
36518
0

Servo 4
-------Calibracion Up---
3483
4874
6625
8361
10038
11727
13498
15208
16932
18697
20327
22134
23865
25614
27268
28977
30874
32528
34246
35918
37324
---Calibracion Down---
3707
5395
7168
8878
10582
12365
14179
15763
17469
19296
20932
22838
24413
26090
27805
29555
31204
33044
34840
36453
0

Servo 5
-------Calibracion Up---
3549
4920
6620
8321
10080
11811
13575
15267
17021
18748
20497
22235
23992
25719
27446
29172
30950
32700
34452
36154
37577
---Calibracion Down---
3720
5385
7156
8916
10644
12382
14102
15824
17630
19378
21123
22832
24496
26208
28001
29830
31503
33186
34960
36615
0

Servo 6
-------Calibracion Up---
3495
4894
6591
8252
9997
11697
13424
15197
16900
18585
20325
22023
23730
25468
27193
28864
30635
32333
34125
35842
37399
---Calibracion Down---
3686
5391
6996
8799
10497
12285
13927
15716
17384
19110
20838
22602
24312
26063
27814
29546
31184
32897
34641
36328
0

Servo 7 
-------Calibracion Up---
3455
4866
6528
8284
9988
11640
13436
15133
16863
18553
20275
21975
23710
25445
27156
28884
30595
32261
34054
35804
37386
---Calibracion Down---
3660
5416
7151
8752
10517
12193
14038
15741
17456
19100
20952
22542
24261
25952
27697
29470
31139
33058
34616
36254
0

Servo 8
-------Calibracion Up---
3404
4837
6464
8210
9871
11584
13350
14980
16749
18454
20184
21911
23572
25325
27040
28765
30451
32167
33862
35599
37283
---Calibracion Down---
3623
5291
7161
8746
10420
12275
13857
15608
17290
19068
20760
22422
24179
25942
27633
29307
31076
32733
34386
36109
0

Servo 9
-------Calibracion Up---
3452
4944
6585
8293
10051
11777
13432
15164
16931
18611
20364
22058
23759
25520
27236
28923
30663
32394
34152
35842
37283
---Calibracion Down---
3695
5430
7103
8795
10593
12296
14097
15733
17530
19161
20892
22762
24364
26156
27814
29514
31253
32940
34648
36278
0
Servo 10
-------Calibracion Up---
34668
33288
32065
30816
29662
28383
27137
25869
24710
23587
22452
21227
20058
18967
17839
16605
15486
14273
13063
11886
10592
9391
8183
6956
5707
---Calibracion Down---
34668
33326
32075
30846
29637
28371
27130
25916
24786
23572
22444
21307
20121
18953
17811
16756
15466
14296
13065
11876
10582
9384
8147
6964
5707

Servo 11
-------Calibracion Up---
34967
33701
32487
31236
29929
28741
27497
26207
25016
23885
22664
21545
20379
19232
18026
16822
15680
14490
13220
11989
10714
9427
8211
7001
5761
---Calibracion Down---
34967
33729
32483
31243
29964
28732
27408
26199
25041
23796
22720
21521
20332
19157
18067
16860
15696
14489
13222
11987
10702
9430
8247
6949
5761
Servo 12
-------Calibracion Up---
4011
5370
7053
8667
10343
11982
13682
15382
17026
18699
20373
22002
23487
25075
26661
28198
29753
31297
32872
34471
35766
---Calibracion Down---
4133
5777
7453
9143
10804
12468
14097
15739
17435
19124
20783
22348
23897
25425
27029
28550
30144
31720
33237
34769
0